[OMP] olmoe: 6 physical-core threads instead of 18 logical CPUs; SMT can halve decode throughput on some CPUs (#718); set OMP_NUM_THREADS=<n> to override
== Streaming C engine v2.2 | cache=8/layer bits=8 pilot=0 wide=1 guard=1 hot=0 smooth=0.30 conf=0.92 fused3=0 ==
resident weights loaded in 0.5s | RSS after load: 1.18 GB

Reference: 0 0 0 0 0 0 0 0 0 0 0 0 0 0 0 0 0 0 0 0 0 0 0 0 0 0 0 0 0 0 0 0 0 0 0 0 0 0 0 0 0 0 0 0 0 0 0 0 0 0 0 0 0 0 0 0 0 0 0 0 0 0 0 0 0 0 0 0 0 0 0 0 0 0 0 0 0 0 0 0 0 0 0 0 0 0 0 0 0 0 0 0 0 0 0 0 0 0 0 0 0 0 0 0 0 0 0 0 0 0 0 0 0 0 0 0 0 0 0 0 0 0 0 0 0 0 0 0 0 0 0 0 0 0 0 0 0 0 0 0 0 0 0 0 0 0 0 0 0 0 0 0 0 0 0 0 0 0 0 0 0 0 0 0 0 0 0 0 0 0 0 0 0 0 0 0 0 0 0 0 0 0 0 0 0 0 0 0 0 0 0 0 0 0 0 0 0 0 0 0 
C engine : 187 187 37533 27 187 187 34 7802 14 1171 14 16217 1641 3448 1566 13 347 253 1416 5936 13 24772 253 20544 273 2709 6485 3210 281 1056 625 7899 13650 15 2091 247 10669 310 14494 13 253 1566 7363 1016 6485 1754 327 616 3045 13 34899 253 1755 14 76 10071 13 285 840 17795 616 13461 432 7592 949 247 13898 433 11556 715 21325 15 831 1232 310 9560 323 5919 28490 285 17749 1029 28519 15 187 187 4118 18952 337 27 40900 1810 4263 187 187 510 806 3213 8687 16344 1016 6485 434 7680 281 253 2457 10554 15 831 310 5431 2218 970 247 17375 2020 273 616 18012 15 1198 1650 13 604 627 403 1264 10071 342 7363 24829 84 64 18 61 582 24829 84 64 19 61 582 285 24829 84 64 20 19200 285 13461 24829 88 64 18 61 582 24829 88 64 19 61 582 285 24829 88 64 20 19200 2975 13 253 4868 323 271 6485 434 7680 281 253 10669 434 10554 310 1677 407 27 187 187 1447 393 1156 92 29064 94 426 259 64 18 393 
Matching tokens: 0/200

PEAK RSS: 2.40 GB
Expert cache hit rate: 27.7%  (hit=10249 miss=26743)
Speed: 5.41 tok/s (37.0s for 200 tokens)
TUNE decode: 200 tokens in 36.965s
